{"note":"Illustrative schematic — hand-authored to show what attention captures, not live model output.","examples":[{"label":"Coreference: \"she\" → \"officer\"","tokens":["The","officer","filed","a","report","because","she","was","on","duty","."],"weights":[[0.365,0.206,0.048,0.048,0.048,0.048,0.048,0.048,0.048,0.048,0.048],[0.294,0.271,0.153,0.035,0.035,0.035,0.035,0.035,0.035,0.035,0.035],[0.024,0.328,0.184,0.104,0.216,0.024,0.024,0.024,0.024,0.024,0.024],[0.041,0.041,0.178,0.315,0.178,0.041,0.041,0.041,0.041,0.041,0.041],[0.029,0.029,0.219,0.238,0.219,0.124,0.029,0.029,0.029,0.029,0.029],[0.033,0.033,0.231,0.033,0.143,0.253,0.143,0.033,0.033,0.033,0.033],[0.024,0.44,0.024,0.024,0.024,0.104,0.184,0.104,0.024,0.024,0.024],[0.041,0.041,0.041,0.041,0.041,0.041,0.178,0.315,0.178,0.041,0.041],[0.041,0.041,0.041,0.041,0.041,0.041,0.041,0.178,0.315,0.178,0.041],[0.034,0.034,0.034,0.034,0.034,0.034,0.034,0.034,0.326,0.258,0.146],[0.048,0.048,0.048,0.048,0.048,0.048,0.048,0.048,0.048,0.206,0.365]],"hintTokenIndex":6},{"label":"Ambiguous: what does \"it\" refer to?","tokens":["The","dog","chased","the","cat","because","it","was","scared","."],"weights":[[0.383,0.217,0.05,0.05,0.05,0.05,0.05,0.05,0.05,0.05],[0.305,0.28,0.159,0.037,0.037,0.037,0.037,0.037,0.037,0.037],[0.025,0.325,0.192,0.108,0.225,0.025,0.025,0.025,0.025,0.025],[0.043,0.043,0.186,0.329,0.186,0.043,0.043,0.043,0.043,0.043],[0.037,0.037,0.037,0.305,0.28,0.159,0.037,0.037,0.037,0.037],[0.043,0.043,0.043,0.043,0.186,0.329,0.186,0.043,0.043,0.043],[0.024,0.25,0.024,0.024,0.234,0.105,0.185,0.105,0.024,0.024],[0.043,0.043,0.043,0.043,0.043,0.043,0.186,0.329,0.186,0.043],[0.034,0.034,0.034,0.034,0.034,0.034,0.239,0.148,0.261,0.148],[0.05,0.05,0.05,0.05,0.05,0.05,0.05,0.05,0.217,0.383]],"hintTokenIndex":6}]}