{"note":"Illustrative schematic — hand-authored to show what attention captures, not live model output.","examples":[{"label":"Coreference: \"he\" → \"supporter\"","tokens":["The","supporter","argued","with","the","steward","because","he","had","a","fake","ticket","."],"weights":[[0.333,0.188,0.043,0.043,0.043,0.043,0.043,0.043,0.043,0.043,0.043,0.043,0.043],[0.275,0.253,0.143,0.033,0.033,0.033,0.033,0.033,0.033,0.033,0.033,0.033,0.033],[0.023,0.313,0.176,0.099,0.023,0.206,0.023,0.023,0.023,0.023,0.023,0.023,0.023],[0.038,0.038,0.165,0.291,0.165,0.038,0.038,0.038,0.038,0.038,0.038,0.038,0.038],[0.038,0.038,0.038,0.165,0.291,0.165,0.038,0.038,0.038,0.038,0.038,0.038,0.038],[0.027,0.027,0.207,0.027,0.225,0.207,0.117,0.027,0.027,0.027,0.027,0.027,0.027],[0.031,0.031,0.216,0.031,0.031,0.134,0.237,0.134,0.031,0.031,0.031,0.031,0.031],[0.023,0.42,0.023,0.023,0.023,0.023,0.099,0.176,0.099,0.023,0.023,0.023,0.023],[0.038,0.038,0.038,0.038,0.038,0.038,0.038,0.165,0.291,0.165,0.038,0.038,0.038],[0.038,0.038,0.038,0.038,0.038,0.038,0.038,0.038,0.165,0.291,0.165,0.038,0.038],[0.038,0.038,0.038,0.038,0.038,0.038,0.038,0.038,0.038,0.165,0.291,0.165,0.038],[0.032,0.032,0.032,0.032,0.032,0.032,0.032,0.032,0.032,0.032,0.305,0.242,0.137],[0.043,0.043,0.043,0.043,0.043,0.043,0.043,0.043,0.043,0.043,0.043,0.188,0.333]],"hintTokenIndex":7},{"label":"Ambiguous: what does \"he\" refer to?","tokens":["The","steward","confronted","the","fan","because","he","broke","the","rule","."],"weights":[[0.365,0.206,0.048,0.048,0.048,0.048,0.048,0.048,0.048,0.048,0.048],[0.294,0.271,0.153,0.035,0.035,0.035,0.035,0.035,0.035,0.035,0.035],[0.024,0.317,0.187,0.106,0.22,0.024,0.024,0.024,0.024,0.024,0.024],[0.041,0.041,0.178,0.315,0.178,0.041,0.041,0.041,0.041,0.041,0.041],[0.035,0.035,0.035,0.294,0.271,0.153,0.035,0.035,0.035,0.035,0.035],[0.041,0.041,0.041,0.041,0.178,0.315,0.178,0.041,0.041,0.041,0.041],[0.024,0.244,0.024,0.024,0.228,0.102,0.181,0.102,0.024,0.024,0.024],[0.033,0.033,0.033,0.033,0.033,0.033,0.341,0.253,0.143,0.033,0.033],[0.041,0.041,0.041,0.041,0.041,0.041,0.041,0.178,0.315,0.178,0.041],[0.041,0.041,0.041,0.041,0.041,0.041,0.041,0.041,0.178,0.315,0.178],[0.048,0.048,0.048,0.048,0.048,0.048,0.048,0.048,0.048,0.206,0.365]],"hintTokenIndex":6}]}